status	elapsed_secs	user_secs	sys_secs	max_rss_KiB	stdout_md5sum	host_name	host_hash	runtime_name	runtime_hash	task_name	arg1	arg2	stdout_filename
0	0.001040	0.000892	0.000000	2900	b1946ac92492d2347c6235b4d2611184	hoover	ecba003d	bash	36833674	hello	_	_	stdout-bash-_-_.txt
0	0.000585	0.000513	0.000000	1712	b1946ac92492d2347c6235b4d2611184	hoover	ecba003d	dash	cea41b3e	hello	_	_	stdout-dash-_-_.txt
0	0.001976	0.000000	0.001884	6760	b1946ac92492d2347c6235b4d2611184	hoover	ecba003d	/home/andy/git/oils-for-unix/oils/../benchmark-data/src/oils-for-unix-0.35.0/_bin/cxx-opt-sh/osh	286712c9	hello	_	_	stdout-osh-_-_.txt
0	0.001938	0.000000	0.001867	6748	b1946ac92492d2347c6235b4d2611184	hoover	ecba003d	/home/andy/git/oils-for-unix/oils/../benchmark-data/src/oils-for-unix-0.35.0/_bin/cxx-opt-sh/mycpp-nosouffle/osh	e835747b	hello	_	_	stdout-osh-_-_.txt
0	0.005988	0.000000	0.005874	6092	b1946ac92492d2347c6235b4d2611184	hoover	ecba003d	python2	c702e940	hello	_	_	stdout-py-_-_.txt
